# Created by Octave 4.0.2, Tue Oct 25 17:02:25 2016 BRST <diego@diego-notebook>
# name: M
# type: cell
# rows: 1
# columns: 8
# name: <cell-element>
# type: lazy_index
# name: index_value
# type: matrix
# rows: 1
# columns: 3
 4 14 21





# name: <cell-element>
# type: lazy_index
# name: index_value
# type: matrix
# rows: 1
# columns: 4
 3 10 12 26





# name: <cell-element>
# type: lazy_index
# name: index_value
# type: matrix
# rows: 1
# columns: 3
 13 15 23





# name: <cell-element>
# type: lazy_index
# name: index_value
# type: matrix
# rows: 1
# columns: 7
 1 5 7 17 19 20 22





# name: <cell-element>
# type: lazy_index
# name: index_value
# type: matrix
# rows: 1
# columns: 3
 8 16 25





# name: <cell-element>
# type: lazy_index
# name: index_value
# type: matrix
# rows: 1
# columns: 4
 9 18 24 27





# name: <cell-element>
# type: scalar
2



# name: <cell-element>
# type: lazy_index
# name: index_value
# type: matrix
# rows: 1
# columns: 2
 6 11







